	observed_features	chao1	shannon_entropy	pielou_evenness	faith_pd
DT01-PM02-R-16s-2021	49	49.5	5.03466039	0.896691108	10.18531442
DT01-PM03-R-16s-2021	41	41	4.639558007	0.865984689	11.80354728
DT01-PM04-R-16s-2021	109	111.1428571	6.174909221	0.912343536	17.78242618
DT01-PM05-R-16s-2021	59	59.5	5.053675107	0.8590824	14.12588585
DT01-PM07-R-16s-2021	132	137.625	6.433707601	0.913308865	21.7713374
DT01-PM08-R-16s-2021	60	60	5.372065631	0.909457445	14.02509052
DT01-PM09-R-16s-2021	95	96.875	5.836836678	0.888426935	16.40429507
DT01-PM10-R-16s-2021	78	79.25	5.572023704	0.886502329	16.43493185
DT02-PM03-R-16s-2021	127	130.75	6.609898362	0.945800055	14.34594197
DT02-PM04-R-16s-2021	60	60	5.306439276	0.89834731	10.95830425
DT02-PM06-R-16s-2021	41	41.75	4.723882742	0.881724104	11.05677463
DT02-PM07-R-16s-2021	50	50.5	4.841367486	0.857811986	11.80855331
DT02-PM08-R-16s-2021	208	212.4	7.332601719	0.952231559	23.67525075
DT02-PM10-R-16s-2021	185	195.4615385	7.029624905	0.933377886	22.75065107
DT03-PM01-R-16s-2021	44	44	4.840447314	0.886621109	11.87769596
DT03-PM03-R-16s-2021	33	33	4.537312678	0.899476244	8.267567453
DT03-PM04-R-16s-2021	65	66	5.463508919	0.907202796	12.77986548
DT03-PM05-R-16s-2021	27	27	4.1108874	0.864560391	8.841139249
DT03-PM06-R-16s-2021	47	47	5.03520424	0.906494499	10.65867815
DT03-PM08-R-16s-2021	35	35	4.156165469	0.810281955	10.36604988
DT03-PM09-R-16s-2021	18	18	3.698436785	0.886931248	4.661337594
DT03-PM10-R-16s-2021	21	21	3.077082968	0.700560245	5.026884941
DT04-PM01-R-16s-2021	33	33	3.339021291	0.661927124	3.825222584
DT04-PM04-R-16s-2021	30	30	4.101906842	0.835948298	7.545331591
DT04-PM07-R-16s-2021	85	90	5.727658336	0.893635354	15.54765098
DT04-PM08-R-16s-2021	35	35	4.191105828	0.817093893	10.65383238
DT04-PM09-R-16s-2021	53	53.33333333	5.100071756	0.890388021	11.49811142
NT01-PM01-R-16s-2021	95	96.25	5.7034664	0.868126598	20.76065636
NT01-PM04-R-16s-2021	56	58.5	5.11830025	0.881347932	12.49562639
NT01-PM05-R-16s-2021	88	94.11111111	5.676530416	0.878797199	18.66773412
NT01-PM06-R-16s-2021	65	65	5.38413227	0.89402249	15.38970886
NT01-PM07-R-16s-2021	104	110.875	6.136815457	0.915882497	18.75161597
NT01-PM08-R-16s-2021	79	82.75	5.514991968	0.874870524	15.49785824
NT01-PM10-R-16s-2021	183	192.5	6.970136902	0.927410228	24.77323575
NT02-PM01-R-16s-2021	86	86.6	5.760930616	0.896466429	15.77062518
NT02-PM02-R-16s-2021	64	64.33333333	5.228018941	0.87133649	12.91178704
NT02-PM03-R-16s-2021	49	49	5.196325063	0.925484167	9.347459218
NT02-PM04-R-16s-2021	42	42	4.892283748	0.907269243	9.815575599
NT02-PM07-R-16s-2021	51	52	4.896889768	0.863279721	12.85136648
NT02-PM08-R-16s-2021	80	81.66666667	5.71521499	0.904030369	16.27345704
NT02-PM10-R-16s-2021	66	67	5.468095936	0.904655757	11.99409278
NT03-PM01-R-16s-2021	76	79.75	5.189048828	0.830523212	14.18176036
NT03-PM02-R-16s-2021	68	71.33333333	5.230117754	0.859162165	14.47610831
NT03-PM03-R-16s-2021	58	59	5.140415901	0.877506415	11.94471744
NT03-PM04-R-16s-2021	143	145.7692308	6.462102319	0.902544475	19.74255647
NT03-PM05-R-16s-2021	96	102	5.274438522	0.800982317	16.4495535
NT03-PM06-R-16s-2021	103	103	6.505262858	0.972894989	13.05204681
NT03-PM07-R-16s-2021	173	190.5	6.846099436	0.920839513	23.02532905
NT03-PM08-R-16s-2021	132	132.2	6.563709884	0.93176358	16.93393943
NT03-PM09-R-16s-2021	153	156.9285714	6.719896752	0.925938767	21.71136757
NT03-PM10-R-16s-2021	91	100	5.870209872	0.902027522	16.7160982
NT04-PM01-R-16s-2021	49	49	4.661075096	0.830154224	7.551384334
NT04-PM02-R-16s-2021	56	56	5.365505008	0.923915462	8.494491543
NT04-PM03-R-16s-2021	59	59	5.174188598	0.879568683	7.3586316
NT04-PM04-R-16s-2021	202	207.8333333	7.106878876	0.928007655	16.56867572
NT04-PM05-R-16s-2021	54	54	5.209828745	0.905287678	10.26832282
NT04-PM06-R-16s-2021	98	98	5.873338639	0.887920828	10.09585332
NT04-PM07-R-16s-2021	89	95.875	5.479799969	0.846205303	16.1504605
NT04-PM08-R-16s-2021	115	124.1	6.141716742	0.897191683	22.44764705
NT04-PM09-R-16s-2021	110	119.75	5.942921875	0.876361397	17.53189429
NT04-PM10-R-16s-2021	46	49	4.933817099	0.89323106	11.31474106
DT01-PM02-R-16s-2022	108	127.5	6.261205324	0.926914819	18.42003834
NT01-PM04-R-16s-2022	70	70	5.474868446	0.893231465	16.31166326
NT01-PM06-R-16s-2022	142	144.5454545	6.602781432	0.923498597	23.23150229
NT01-PM07-R-16s-2022	59	59.125	4.941685743	0.840045147	13.76552886
NT02-PM01-R-16s-2022	50	50	4.954692127	0.877891279	11.40029926
NT02-PM02-R-16s-2022	53	56.33333333	5.015786741	0.875673254	10.58115378
NT02-PM06-R-16s-2022	45	46.2	4.558330372	0.830016807	12.908846
NT02-PM09-R-16s-2022	51	51	5.056291937	0.891380958	13.06333498
NT03-PM03-R-16s-2022	61	61	5.72962862	0.966090436	9.980657957
NT03-PM05-R-16s-2022	71	71	5.636349736	0.916517318	15.84237008
NT03-PM06-R-16s-2022	48	48.5	4.694861292	0.840625392	12.82684372
NT03-PM09-R-16s-2022	61	61.5	5.281921167	0.890601095	15.00342165
NT03-PM10-R-16s-2022	108	109.1111111	6.320103544	0.935634167	18.59561585
NT04-PM01-R-16s-2022	54	57.75	5.040699406	0.875898861	13.52904659
NT04-PM02-R-16s-2022	101	105.5	5.80977136	0.872572368	20.61923925
NT04-PM03-R-16s-2022	102	106	6.057049889	0.907773348	19.63927923
NT04-PM04-R-16s-2022	102	107.625	6.086644643	0.912208729	17.52664175
NT04-PM05-R-16s-2022	66	67.5	5.456726732	0.902774807	13.79473457
NT04-PM06-R-16s-2022	50	53	4.839041009	0.857399772	11.94889109
NT04-PM07-R-16s-2022	64	66.5	5.381533385	0.896922231	12.39725961
NT04-PM08-R-16s-2022	63	63.6	5.255749643	0.879287855	16.98192893
NT04-PM09-R-16s-2022	122	130.5714286	6.239433523	0.900255372	25.72643471
NT04-PM10-R-16s-2022	141	145	6.69176647	0.937281089	23.19013192
NT05-PM01-R-16s-2022	77	81.09090909	5.228700676	0.834351169	18.43871436
NT05-PM02-R-16s-2022	102	104.7692308	5.755936229	0.86264528	22.98065418
NT05-PM03-R-16s-2022	91	98	5.847356188	0.898515782	17.76037017
NT05-PM04-R-16s-2022	251	261.6363636	7.299423739	0.91568511	26.80343984
NT05-PM08-R-16s-2022	51	61	4.981195692	0.878142134	11.13837212
NT05-PM09-R-16s-2022	60	62	5.119381	0.866679502	14.42647001
NT05-PM10-R-16s-2022	58	58.5	5.340715888	0.911699081	11.95796571
NT10-PM01-R-16s-2022	69	72.5	5.043645494	0.825673291	16.09479109
NT10-PM02-R-16s-2022	74	75.66666667	5.388366828	0.867768306	16.44659813
NT10-PM03-R-16s-2022	104	104.6666667	6.224194233	0.928923249	16.11977747
NT10-PM04-R-16s-2022	99	105.1111111	5.937246193	0.895599156	17.3320519
NT10-PM08-R-16s-2022	79	83.5	5.405782726	0.857546121	17.74665636
NT10-PM09-R-16s-2022	46	46.33333333	4.808174747	0.870484442	11.43254412
DT01-PM10-R-16s-2022	70	74.5	5.237493216	0.854503406	16.12558781
DT01-PM11-R-16s-2022	41	41	4.456366219	0.8317915	10.95902435
DT01-PM13-R-16s-2022	41	41	4.75307115	0.887172191	11.09334575
DT01-PM14-R-16s-2022	51	52.5	4.810300364	0.848014751	14.26803735
DT03-PM01-R-16s-2022	71	71.33333333	5.744317901	0.934073839	14.6209094
DT03-PM03-R-16s-2022	96	97.2	5.84565473	0.887727869	18.73548755
DT03-PM07-R-16s-2022	90	90.25	5.725304183	0.881921402	19.19495685
DT03-PM08-R-16s-2022	88	91	5.740166138	0.888648797	17.46044121
DT03-PM10-R-16s-2022	52	52	5.018502531	0.880371126	13.06409108
DT06-PM09-R-16s-2022	57	57	5.181870816	0.888388227	12.07417909
NT06-PM01-R-16s-2022	46	46.16666667	4.514114026	0.817246925	10.26878007
NT06-PM02-R-16s-2022	42	42	4.579723115	0.849305179	10.18489868
NT06-PM04-R-16s-2022	104	107.2727273	6.100851044	0.910515026	18.28260156
NT06-PM06-R-16s-2022	71	71.33333333	5.683141461	0.924126041	14.49765968
NT06-PM09-R-16s-2022	41	41	4.614404263	0.861289682	11.5793483
NT06-PM10-R-16s-2022	84	89.25	5.904738195	0.923724184	15.96677507
NT07-PM04-R-16s-2022	46	46	5.111931488	0.925477351	9.985191537
NT07-PM08-R-16s-2022	46	46	4.873216436	0.882259758	11.44237612
NT07-PM09-R-16s-2022	56	58	5.039127564	0.867714757	12.67170482
NT07-PM10-R-16s-2022	47	47	4.910346635	0.884016219	10.40074157
NT08-PM06-R-16s-2022	38	38	4.513002663	0.859959032	11.11531433
NT08-PM08-R-16s-2022	40	40	4.635121321	0.870947754	9.572885664
NT09-PM02-R-16s-2022	48	48.33333333	4.762570826	0.852748935	10.45197824
NT09-PM03-R-16s-2022	63	63	5.502529534	0.920574175	13.39719038
NT09-PM06-R-16s-2022	54	54	5.221833504	0.907373689	12.14996192
DT04-PM01-R-16s-2022	39	39	4.92352242	0.931532212	8.572334289
DT04-PM02-R-16s-2022	107	111.6666667	6.045532554	0.896768102	17.99309633
DT04-PM03-R-16s-2022	84	85.25	5.652730608	0.884300674	15.71973869
DT04-PM06-R-16s-2022	78	79.2	5.6235524	0.894700483	18.41606454
DT04-PM07-R-16s-2022	73	74	5.535394365	0.894273224	14.98382251
DT04-PM09-R-16s-2022	96	113	5.648257474	0.857750894	18.95538249
DT04-PM10-R-16s-2022	76	77.5	5.521907701	0.883798298	14.49014123
DT08-PM01-R-16s-2022	44	45	4.861941473	0.890558178	10.53694613
DT09-PM01-R-16s-2022	47	47.2	4.844740974	0.872205145	11.34603062
DT09-PM06-R-16s-2022	66	66.75	5.333627499	0.882408955	13.86427657
DT09-PM07-R-16s-2022	130	133.1111111	6.510211958	0.927067925	22.68625973
DT09-PM08-R-16s-2022	111	112.6666667	6.260458194	0.921412277	20.60431969
DT09-PM09-R-16s-2022	135	136.3636364	6.564648788	0.927627504	19.1688771
DT10-PM01-R-16s-2022	65	66.5	5.171393738	0.858697758	10.84390994
DT10-PM03-R-16s-2022	111	116.1428571	6.202930495	0.912945368	22.24454462
DT10-PM05-R-16s-2022	57	57.1	4.452909928	0.763414005	13.7957996
DT10-PM06-R-16s-2022	61	61.2	5.310277544	0.895382352	10.48973394
DT10-PM07-R-16s-2022	61	61	5.111738457	0.861906061	11.3103933
DT10-PM08-R-16s-2022	50	50	4.924757865	0.872587412	11.78048382
DT10-PM09-R-16s-2022	81	85.66666667	5.649958458	0.891181724	14.36544431
DT10-PM10-R-16s-2022	129	144.3	6.362673264	0.907497793	21.68596124
DT06-PM08-S-16s-2022	138	139.6153846	5.770358777	0.811751976	28.9103789
DT06-PM10-S-16s-2022	160	164.125	5.946006391	0.812082052	29.8900512
DT07-PM01-S-16s-2022	191	194.0555556	6.081628093	0.802597851	36.19694157
DT07-PM02-S-16s-2022	116	116.3333333	5.226379275	0.762087162	25.59726805
DT07-PM04-S-16s-2022	111	111.2727273	5.138682585	0.756309694	23.85582045
DT07-PM05-S-16s-2022	120	120.15	5.10191226	0.738669911	26.43758172
DT07-PM08-S-16s-2022	201	207.8	6.440079062	0.841724683	36.38483906
DT08-PM01-S-16s-2022	146	147.5555556	5.866283477	0.81591469	30.02430093
DT08-PM03-S-16s-2022	130	131.875	5.605863848	0.798286845	27.26079624
DT08-PM04-S-16s-2022	119	120.3636364	5.42395901	0.786671845	26.71693929
DT08-PM05-S-16s-2022	142	142.1111111	6.42364009	0.898442977	26.68537206
DT08-PM06-S-16s-2022	244	249.9130435	6.63436859	0.836538686	42.35741781
DT08-PM07-S-16s-2022	170	180.5	6.142628024	0.829032788	32.12607566
DT08-PM08-S-16s-2022	192	195.1428571	6.495191806	0.856324841	32.4324748
DT08-PM09-S-16s-2022	142	142.3529412	6.096513337	0.852689366	25.03255129
DT08-PM10-S-16s-2022	106	106	5.201119125	0.773064896	23.30842104
DT09-PM01-S-16s-2022	115	117.5454545	5.297681464	0.773893677	25.39885386
DT09-PM02-S-16s-2022	86	86	5.67572973	0.883208201	17.29614947
DT09-PM03-S-16s-2022	148	148.3	6.693654883	0.928455258	22.62548666
DT09-PM04-S-16s-2022	76	76.6	5.592458315	0.89509014	13.40576121
DT09-PM06-S-16s-2022	85	85.33333333	5.196745341	0.810801743	18.30011729
DT09-PM10-S-16s-2022	76	76	5.230009554	0.837079102	16.6373747
DT10-PM02-S-16s-2022	246	259.0434783	6.903153802	0.86913959	43.73524868
DT10-PM04-S-16s-2022	275	282.6	7.140301032	0.881160981	44.84470699
DT10-PM05-S-16s-2022	217	225.5714286	6.722823039	0.866170027	40.54282168
DT10-PM06-S-16s-2022	147	149.8125	6.053413137	0.840790087	29.22796431
DT10-PM07-S-16s-2022	190	198.6666667	6.718940604	0.887591647	34.93042506
DT10-PM08-S-16s-2022	154	155.5	6.274504207	0.863449638	31.29739427
DT10-PM09-S-16s-2022	252	265.5882353	7.094118013	0.889290345	42.01687051
NT04-PM04-S-16s-2022	196	198.1176471	6.828106487	0.896699497	31.8971329
NT04-PM08-S-16s-2022	175	177.5454545	6.486464234	0.870524823	33.88508367
NT04-PM09-S-16s-2022	153	158.1428571	6.46618569	0.890979762	29.1203904
NT04-PM10-S-16s-2022	215	216.6153846	7.193426304	0.928400524	27.56278605
NT05-PM01-S-16s-2022	131	131.2	6.31637556	0.898051427	22.0938509
NT05-PM02-S-16s-2022	224	232	7.114106084	0.911205672	36.54704152
NT05-PM03-S-16s-2022	172	173.1111111	6.756007285	0.909745008	30.05879614
NT05-PM05-S-16s-2022	162	166.2307692	6.519432255	0.888224181	28.85468512
NT05-PM06-S-16s-2022	261	262.1666667	7.586153937	0.944972941	37.10286028
NT05-PM07-S-16s-2022	165	167.625	6.728567863	0.913422963	26.69503927
DT01-PM03-RH-16s-2022	48	48	4.966161378	0.889202278	10.30793814
DT01-PM07-RH-16s-2022	60	60	4.523409631	0.76578524	13.25588936
DT01-PM08-RH-16s-2022	161	161	6.696864628	0.91350983	22.74883397
DT01-PM09-RH-16s-2022	89	89.5	5.749575721	0.887864793	18.2771151
DT01-PM10-RH-16s-2022	102	102.2	5.721793742	0.857528327	18.31613556
DT04-PM01-RH-16s-2022	63	64	5.331776476	0.892007158	11.39915216
DT04-PM03-RH-16s-2022	237	243.875	7.210472689	0.914020454	32.6108582
DT04-PM04-RH-16s-2022	106	111	6.057463216	0.900347033	16.6850722
DT04-PM05-RH-16s-2022	139	140	6.068294261	0.852415296	24.74830771
DT04-PM06-RH-16s-2022	125	125.5	6.099112633	0.875581612	21.60781065
DT04-PM07-RH-16s-2022	182	193.25	6.881503385	0.916581195	22.17807542
DT04-PM08-RH-16s-2022	161	162.25	6.686701195	0.91212345	23.3653194
DT04-PM09-RH-16s-2022	205	210	6.873812509	0.895088264	29.22258207
DT04-PM10-RH-16s-2022	158	158.5	6.649267355	0.910387043	21.44732249
DT07-PM04-RH-16s-2022	137	137.5	6.300792859	0.887681654	21.81941165
DT08-PM04-RH-16s-2022	66	67	5.004546464	0.827964948	13.98907034
DT08-PM07-RH-16s-2022	79	79	4.809605082	0.762971505	18.45116831
DT10-PM05-RH-16s-2022	53	53.5	4.83644902	0.844363859	11.3190102
DT10-PM06-RH-16s-2022	81	81.125	4.773359632	0.752913654	18.70920094
DT10-PM09-RH-16s-2022	104	106.5	5.585382585	0.833584484	23.13452705
DT10-PM10-RH-16s-2022	141	142.1538462	5.744090688	0.804545048	28.03251479
NT10-PM05-RH-16s-2022	106	110.5	5.361278148	0.796870026	23.06528822
NT10-PM09-RH-16s-2022	84	85.25	5.185372781	0.81118825	17.74321203
DT01-PM01-S-16s-2021	156	157.2	6.746352081	0.926009557	19.84962931
DT01-PM02-S-16s-2021	121	123.5454545	5.246386655	0.758272924	26.59997269
DT01-PM03-S-16s-2021	140	146.1111111	6.270381982	0.879524907	24.8965955
DT01-PM04-S-16s-2021	88	88.375	5.541362346	0.857871508	17.88130351
DT01-PM05-S-16s-2021	148	151.6	6.178319678	0.856974775	29.87210912
DT01-PM07-S-16s-2021	129	129.5	6.399938	0.912812803	17.89289635
DT01-PM08-S-16s-2021	120	121.2	5.998155268	0.868430618	21.87222174
DT01-PM09-S-16s-2021	220	221.9090909	7.186429595	0.923544195	28.46318614
DT02-PM01-S-16s-2021	331	340.75	7.893948541	0.943046629	35.84974866
DT02-PM02-S-16s-2021	189	195.4285714	6.980289217	0.923044889	26.0869597
DT02-PM03-S-16s-2021	283	290.3333333	7.624672501	0.936156223	31.28163813
DT02-PM04-S-16s-2021	118	118.2	6.398632265	0.929676611	14.78672485
DT02-PM05-S-16s-2021	270	276.3157895	7.359259563	0.911158547	43.29320372
DT04-PM01-S-16s-2021	238	246.25	7.366158463	0.933037175	27.47948308
DT04-PM02-S-16s-2021	227	229.1176471	7.108070443	0.908199886	36.77337378
DT04-PM03-S-16s-2021	222	228.875	7.13149255	0.914948942	30.10092787
DT04-PM04-S-16s-2021	185	206	6.725399688	0.892983541	33.57295626
DT04-PM05-S-16s-2021	161	161.1666667	6.794895835	0.926882128	23.68377865
DT04-PM06-S-16s-2021	194	195.2352941	6.848460494	0.901123557	30.84233891
DT04-PM07-S-16s-2021	295	304.0357143	7.47162687	0.910666352	45.13158552
DT04-PM08-S-16s-2021	203	206.2142857	6.878603057	0.897364855	31.95823892
DT04-PM09-S-16s-2021	171	173.5454545	6.731840137	0.907518736	27.36035802
DT04-PM10-S-16s-2021	255	265.5555556	7.215410722	0.902563388	39.06989384
NT02-PM01-S-16s-2021	86	86	5.898389098	0.917856535	14.98694996
NT02-PM02-S-16s-2021	99	99	5.874891928	0.886193377	19.53373067
NT02-PM03-S-16s-2021	88	88.11111111	5.851721931	0.905919015	14.83887867
NT02-PM04-S-16s-2021	214	217.5	7.112567454	0.918762228	21.63956653
NT02-PM05-S-16s-2021	330	333	7.863061301	0.939846817	28.96992744
NT02-PM06-S-16s-2021	513	522.4864865	8.413830232	0.934577709	29.70088842
NT02-PM09-S-16s-2021	162	164.3333333	6.636082213	0.90411687	25.39082711
NT02-PM10-S-16s-2021	99	99	6.167096823	0.93027079	14.12206571
NT04-PM01-S-16s-2021	288	288.75	7.660681682	0.937668544	24.86831215
NT04-PM02-S-16s-2021	232	233.25	7.309933673	0.930255962	21.0102599
NT04-PM03-S-16s-2021	141	142.5	6.314092749	0.884382286	25.54918689
NT04-PM04-S-16s-2021	285	285.6	7.701551774	0.944417358	24.74833209
NT04-PM05-S-16s-2021	251	256	7.387985952	0.926794905	29.40799362
NT04-PM06-S-16s-2021	366	371.5263158	7.976276581	0.93665544	38.44058495
NT04-PM08-S-16s-2021	270	275.1428571	7.619265022	0.943350127	26.91500835
NT04-PM09-S-16s-2021	170	171.5	6.76217649	0.91264944	25.64060856
NT04-PM10-S-16s-2021	176	181.1428571	6.964592902	0.933662678	23.01490746
NT05-PM09-S-16s-2022	79	81	5.634786685	0.893874154	11.1729744
NT06-PM01-S-16s-2022	78	78	5.813607515	0.924938025	12.41013045
NT06-PM02-S-16s-2022	105	105.3	5.507192957	0.820225138	22.25665087
NT06-PM03-S-16s-2022	123	124.5	6.237315046	0.898423048	18.90197714
NT06-PM04-S-16s-2022	97	98.66666667	5.411299917	0.819904754	20.31122181
NT06-PM05-S-16s-2022	123	125.3333333	5.850951634	0.842771251	24.59224449
NT06-PM06-S-16s-2022	103	103	6.189782955	0.925713373	16.33940262
NT06-PM07-S-16s-2022	194	196	6.672089737	0.877916612	33.33556426
NT06-PM08-S-16s-2022	188	191	6.406966554	0.848089377	32.53339825
NT06-PM09-S-16s-2022	111	112.6666667	5.623734584	0.827699495	21.56790715
NT07-PM01-S-16s-2022	191	197.6666667	6.2058656	0.818993585	39.09848497
NT07-PM02-S-16s-2022	179	184.5714286	5.853338891	0.782132947	38.22664009
NT07-PM04-S-16s-2022	258	261.6666667	7.299783172	0.91119412	33.56833962
NT07-PM05-S-16s-2022	166	171.8333333	5.779005259	0.783589744	34.01860068
NT07-PM06-S-16s-2022	207	214.4347826	6.469388695	0.840891618	42.47905268
NT07-PM07-S-16s-2022	164	166.1538462	6.266646224	0.85172979	32.21749597
NT07-PM08-S-16s-2022	144	148.5	6.216548997	0.867031244	30.01034932
NT07-PM09-S-16s-2022	147	148.25	6.393684917	0.888052207	26.01216242
NT07-PM10-S-16s-2022	194	197.4375	6.735518381	0.886262582	35.07148927
NT08-PM01-S-16s-2022	193	195.8947368	6.518269314	0.858519091	36.40987052
NT08-PM02-S-16s-2022	289	311.9565217	7.400027705	0.905210395	42.69139529
NT08-PM03-S-16s-2022	171	172.25	6.669816307	0.899157309	27.67740393
NT08-PM05-S-16s-2022	84	85.42857143	5.208764388	0.814847581	19.32283003
NT08-PM06-S-16s-2022	104	105.4285714	5.565259524	0.830581239	22.44324458
NT08-PM07-S-16s-2022	181	182	6.625605816	0.883432262	30.93188396
NT08-PM08-S-16s-2022	138	141.75	5.964850549	0.839112334	27.07895317
NT08-PM09-S-16s-2022	186	192.5	6.171021403	0.81852917	35.87146781
NT08-PM10-S-16s-2022	131	132.25	5.788190378	0.822954965	28.10423712
NT09-PM01-S-16s-2022	88	88.2	5.327767224	0.824804339	16.18727176
NT09-PM02-S-16s-2022	301	301	7.824882357	0.950357518	22.03988288
NT09-PM03-S-16s-2022	104	106	5.639597922	0.841675794	21.38237094
NT09-PM05-S-16s-2022	131	133.1428571	6.200021423	0.881508395	22.8620029
NT09-PM06-S-16s-2022	105	105.375	5.628683513	0.838319585	19.33481814
NT09-PM07-S-16s-2022	154	154.6666667	6.058785697	0.833764094	28.69452026
NT09-PM08-S-16s-2022	76	76	5.616198964	0.898889904	10.01383029
NT09-PM09-S-16s-2022	179	186	6.230943279	0.832589078	35.57722765
NT09-PM10-S-16s-2022	143	147.5	6.248006298	0.872642259	27.60691627
NT10-PM01-S-16s-2022	263	264.8	7.3831113	0.918420911	38.57456086
NT10-PM02-S-16s-2022	218	219.3636364	7.300327646	0.939772711	22.58236659
NT10-PM03-S-16s-2022	185	186.05	6.624533556	0.879590762	31.66381922
NT10-PM04-S-16s-2022	392	395	8.153856682	0.946503925	42.06350077
NT10-PM05-S-16s-2022	252	267	7.366689343	0.9234588	35.70869252
NT10-PM06-S-16s-2022	381	393	7.974168468	0.930078914	43.87549846
NT10-PM07-S-16s-2022	226	230.5	7.242281344	0.92610174	29.44927648
NT10-PM08-S-16s-2022	134	135.6666667	6.317585776	0.894071049	24.89476018
NT10-PM09-S-16s-2022	152	153.1111111	6.530070813	0.90095697	26.51453161
DT02-PM02-RH-16s-2022	126	126	5.701937297	0.817214926	28.2557831
DT02-PM03-RH-16s-2022	224	231.4516129	6.337962449	0.811793817	43.92311912
DT02-PM05-RH-16s-2022	181	181.5882353	6.379921127	0.85067363	37.72605624
DT02-PM06-RH-16s-2022	150	150.3157895	5.822636975	0.805475587	31.62609581
DT02-PM09-RH-16s-2022	163	163.037037	6.050108424	0.823286465	34.11477693
DT02-PM10-RH-16s-2022	302	309.9166667	7.495022994	0.9097663	47.09396918
DT03-PM03-RH-16s-2022	167	168	6.032876358	0.817052812	34.57039993
DT03-PM04-RH-16s-2022	176	182.0666667	6.284888033	0.842542482	35.05799465
DT03-PM05-RH-16s-2022	158	161.2727273	6.059131081	0.829588304	32.87226549
DT03-PM06-RH-16s-2022	157	158.75	5.812122152	0.796768242	33.30158256
DT03-PM07-RH-16s-2022	144	145.2352941	5.848580973	0.815710202	33.68482918
DT03-PM08-RH-16s-2022	141	142.1052632	5.651804633	0.791619018	32.27335331
DT06-PM01-RH-16s-2022	196	199.4375	6.592403658	0.865745878	34.51776881
DT06-PM03-RH-16s-2022	142	146.125	6.058694298	0.847399803	29.73524763
DT06-PM04-RH-16s-2022	249	255.5	7.302452577	0.917393317	35.56685364
DT06-PM05-RH-16s-2022	226	230.2307692	7.147911911	0.914034314	34.35393743
DT06-PM06-RH-16s-2022	218	219.9565217	6.980191748	0.89856155	35.22890261
DT06-PM07-RH-16s-2022	165	165.5454545	6.529773779	0.886436079	29.93774612
DT06-PM08-RH-16s-2022	129	130.3636364	5.978858457	0.852754909	25.46949195
DT06-PM09-RH-16s-2022	125	125.9090909	6.332621465	0.909103872	22.48225951
DT09-PM01-RH-16s-2022	119	119	5.747919423	0.833657918	28.85458666
DT09-PM02-RH-16s-2022	126	126.9090909	5.964428806	0.85483582	24.35422523
DT09-PM05-RH-16s-2022	191	193.1538462	6.880176408	0.90798298	29.24215088
DT09-PM06-RH-16s-2022	116	116.25	6.058784991	0.883464827	21.70945915
DT09-PM07-RH-16s-2022	179	183.6666667	6.853858371	0.915824036	29.9297548
DT09-PM08-RH-16s-2022	71	71	5.202881835	0.846031834	11.53408456
DT09-PM09-RH-16s-2022	143	143.1	6.554075748	0.915390157	21.63293562
DT09-PM10-RH-16s-2022	119	119.25	6.379430264	0.925250019	17.92128772
NT01-PM01-RH-16s-2022	54	55	4.038242473	0.701706588	12.77086524
NT01-PM02-RH-16s-2022	166	169.4615385	6.431481123	0.872060574	30.01224214
NT01-PM09-RH-16s-2022	68	68	5.104203154	0.838477916	15.64352444
NT01-PM10-RH-16s-2022	133	134.3636364	6.263116308	0.88772014	24.9000429
NT02-PM01-RH-16s-2022	192	194.1538462	6.750881777	0.890034957	35.53132251
NT02-PM02-RH-16s-2022	162	164.625	6.469662784	0.88144346	27.16863278
NT02-PM03-RH-16s-2022	169	169.3333333	6.885282532	0.930333022	22.44160587
NT02-PM04-RH-16s-2022	161	164.4615385	6.522719177	0.889754895	29.14171354
NT02-PM07-RH-16s-2022	201	204.1111111	7.078361798	0.925148866	28.66807343
NT02-PM08-RH-16s-2022	144	145.4285714	6.537777038	0.911833392	22.64603885
NT02-PM09-RH-16s-2022	108	108.1428571	5.959656373	0.882273224	21.11913876
NT02-PM10-RH-16s-2022	201	210.75	6.979603303	0.912241034	24.64502223
NT03-PM07-RH-16s-2022	168	171	6.594309033	0.892048955	27.3997067
NT03-PM08-RH-16s-2022	185	190	6.882171249	0.913799319	29.28486127
NT03-PM09-RH-16s-2022	130	133.5	5.69177738	0.810521114	28.5985452
NT03-PM10-RH-16s-2022	139	142.5	6.335989184	0.89001849	24.52495098
NT03-PM11-RH-16s-2022	168	172.0909091	6.547852697	0.885764547	29.01972834
NT03-PM12-RH-16s-2022	178	181.75	6.642797101	0.888581323	29.29228207
NT03-PM13-RH-16s-2022	191	193.1	7.008416757	0.924906973	27.07658817
NT03-PM14-RH-16s-2022	120	127.0588235	5.54792098	0.803244369	27.02394607
NT03-PM15-RH-16s-2022	124	127	5.927798345	0.852405955	27.32364038
NT04-PM01-RH-16s-2022	86	86	5.568857599	0.86657768	18.27438227
NT04-PM02-RH-16s-2022	217	223.5625	6.778392824	0.87332965	39.60306409
NT04-PM03-RH-16s-2022	155	156.9090909	6.336977521	0.870927594	30.65382354
NT04-PM04-RH-16s-2022	159	161.8	6.603377205	0.902978654	29.31085443
NT04-PM05-RH-16s-2022	165	165.3333333	6.713976545	0.911442148	27.23307353
NT04-PM06-RH-16s-2022	170	172.8	6.717354904	0.906600146	26.91647795
NT04-PM07-RH-16s-2022	269	276	7.522976569	0.932046292	25.22880989
NT04-PM08-RH-16s-2022	77	77.6	5.409699487	0.863233406	17.30160489
NT04-PM09-RH-16s-2022	133	135.625	5.904917932	0.8369499	27.65228978
NT04-PM10-RH-16s-2022	96	96	5.989913644	0.909635194	18.29881772
NT05-PM01-RH-16s-2022	85	85.25	5.444029454	0.849383273	19.79664597
NT05-PM02-RH-16s-2022	237	247.1111111	7.333494557	0.929615064	36.51320297
NT05-PM03-RH-16s-2022	171	171.1	6.798257943	0.916472514	27.99868414
NT05-PM04-RH-16s-2022	176	179.3	6.429168235	0.861884466	35.14307468
NT05-PM05-RH-16s-2022	225	234.2307692	7.07405961	0.905331163	35.3100667
NT05-PM06-RH-16s-2022	193	197	6.86975445	0.904813082	32.70359787
NT05-PM07-RH-16s-2022	232	232.2727273	7.382194984	0.939451876	31.72243502
NT05-PM08-RH-16s-2022	257	259.5714286	7.357477657	0.91903856	30.69543799
NT05-PM09-RH-16s-2022	151	152	6.694769895	0.924895766	20.01584283
NT05-PM10-RH-16s-2022	158	158.25	6.831596417	0.935350698	18.1679578
NT06-PM02-RH-16s-2022	68	68	4.811405535	0.79037945	16.64305156
NT06-PM03-RH-16s-2022	259	262.75	7.508209526	0.936558448	27.80048733
NT06-PM04-RH-16s-2022	204	207.2727273	7.084112993	0.923321203	27.21859843
NT06-PM05-RH-16s-2022	234	237.9285714	7.241158351	0.920053722	28.28242496
NT06-PM06-RH-16s-2022	112	112.75	6.234517952	0.915850286	18.69602478
NT06-PM07-RH-16s-2022	223	227.5	7.246218464	0.928895199	24.29184986
NT06-PM08-RH-16s-2022	204	215	7.054807257	0.919501584	25.12734906
NT06-PM09-RH-16s-2022	254	266	7.325127552	0.916937874	28.65221142
NT07-PM01-RH-16s-2022	312	335.2142857	7.621547185	0.919876547	40.46748488
NT07-PM02-RH-16s-2022	368	376.0526316	7.986290824	0.93696636	38.79485442
NT07-PM04-RH-16s-2022	94	94	5.430381504	0.828485451	21.35413921
NT07-PM05-RH-16s-2022	122	124.5454545	5.854126235	0.84466139	24.71325036
NT07-PM06-RH-16s-2022	184	185.5	6.811451721	0.905349323	30.34491201
NT07-PM08-RH-16s-2022	276	279	7.505716475	0.9256575	36.76262058
NT07-PM09-RH-16s-2022	181	182.4285714	7.005379382	0.934069778	25.69663806
NT07-PM10-RH-16s-2022	351	352.2352941	7.957458923	0.941117797	31.52754505
NT08-PM01-RH-16s-2022	112	112.125	6.059513305	0.890142115	21.2144823
NT08-PM02-RH-16s-2022	202	204.625	7.026918717	0.917566554	28.81974774
NT08-PM03-RH-16s-2022	161	166.6	6.724993816	0.917346892	20.36602938
NT08-PM05-RH-16s-2022	173	176.5	6.84777775	0.921065256	25.51166312
NT08-PM06-RH-16s-2022	341	351.4615385	7.88571296	0.937254776	35.6214639
NT08-PM07-RH-16s-2022	192	198.875	6.883384236	0.907504056	30.44240512
NT08-PM08-RH-16s-2022	139	140.6666667	6.37302505	0.89522093	26.09368418
NT08-PM10-RH-16s-2022	294	302.5	7.561877293	0.922217008	40.1397149
NT09-PM01-RH-16s-2022	292	298.6	7.655441148	0.934750323	29.59329694
NT09-PM02-RH-16s-2022	137	137.1666667	6.47821839	0.912678094	20.78136177
NT09-PM03-RH-16s-2022	91	91	5.882555529	0.903924579	18.90391273
NT09-PM04-RH-16s-2022	138	138	6.618878943	0.931118544	21.35511157
NT09-PM07-RH-16s-2022	115	115	6.132916384	0.895906113	22.92105019
NT09-PM08-RH-16s-2022	125	125	6.332643714	0.909107066	20.55263322
NT09-PM10-RH-16s-2022	133	133.8571429	6.45038191	0.914262748	24.02822132
DT01-PM01-S-16s-2022	126	126.6666667	5.879649335	0.842685029	24.21601258
DT01-PM02-S-16s-2022	265	266.6153846	7.599861536	0.94409994	34.28289933
DT01-PM03-S-16s-2022	163	170.8	6.104877981	0.830739395	31.65433076
DT01-PM04-S-16s-2022	214	216.8125	6.966487311	0.899892401	36.2413804
DT01-PM05-S-16s-2022	268	272.4	7.338635054	0.909813279	38.82556208
DT01-PM06-S-16s-2022	204	208.0909091	6.827745157	0.889907018	34.66101172
DT01-PM07-S-16s-2022	237	241.8	6.926002361	0.87796017	43.02572377
DT01-PM08-S-16s-2022	270	274	7.546026119	0.934282333	28.91428422
DT01-PM09-S-16s-2022	181	183.3333333	6.499527067	0.866621417	34.05862374
DT01-PM10-S-16s-2022	275	275.9375	7.653476086	0.94449022	31.22639707
DT02-PM01-S-16s-2022	260	268.75	7.074501322	0.881847041	41.51362257
DT02-PM02-S-16s-2022	267	273.6521739	7.197602065	0.892925639	45.61280808
DT02-PM03-S-16s-2022	252	271.8947368	7.077656045	0.887226738	42.99853719
DT02-PM04-S-16s-2022	199	203.3333333	6.46829933	0.84701025	38.94535498
DT02-PM05-S-16s-2022	148	148.047619	6.054804284	0.839842354	29.97400438
DT02-PM06-S-16s-2022	201	207.8	6.613983428	0.864454155	37.32914537
DT02-PM07-S-16s-2022	220	224.3333333	6.881734244	0.884387112	38.84501302
DT02-PM09-S-16s-2022	401	430.64	8.022511604	0.927730578	50.94804717
DT02-PM10-S-16s-2022	192	195.1428571	6.5567645	0.864442573	37.40815958
DT03-PM01-S-16s-2022	196	206.0588235	6.524792998	0.856866924	36.92215735
DT03-PM02-S-16s-2022	165	168.6	6.494753676	0.881681996	28.42199242
DT03-PM03-S-16s-2022	138	142	5.804019703	0.816487267	30.20393814
DT03-PM04-S-16s-2022	202	206.125	6.283595037	0.820504246	39.85306217
DT03-PM05-S-16s-2022	152	161.75	5.89011434	0.812661872	31.71697128
DT03-PM06-S-16s-2022	132	133.4285714	6.02169732	0.854821184	25.85641226
DT03-PM07-S-16s-2022	221	234.5882353	6.866499879	0.881687955	36.84284647
DT03-PM08-S-16s-2022	178	179.5	6.414506545	0.858043776	33.20986912
DT03-PM09-S-16s-2022	125	129.0909091	5.79331047	0.831681004	24.86663893
DT03-PM10-S-16s-2022	167	168.75	6.410948667	0.868256422	33.71420314
DT04-PM01-RH-16s-2021	272	280	7.421627454	0.917670671	35.64416125
DT04-PM01-S-16s-2022	143	147	6.283688612	0.877625912	26.51018396
DT04-PM02-RH-16s-2021	182	187.5	6.795065145	0.905068062	30.4780781
DT04-PM02-S-16s-2022	293	296.1428571	7.559525978	0.922483255	43.81245979
DT04-PM03-RH-16s-2021	157	161.6666667	6.357464848	0.87152781	29.4461698
DT04-PM03-S-16s-2022	204	208.5882353	6.706776545	0.874140346	38.47455671
DT04-PM05-RH-16s-2021	140	140.4285714	6.427378775	0.901546307	21.01615213
DT04-PM05-S-16s-2022	247	252.9130435	7.093340615	0.892427389	41.96486298
DT04-PM06-RH-16s-2021	147	148.1111111	6.071164486	0.843255664	28.77237832
DT04-PM06-S-16s-2022	204	205.1052632	6.546658805	0.853271099	39.99135437
DT04-PM07-RH-16s-2021	226	236.9090909	7.08879511	0.906474793	30.96722359
DT04-PM07-S-16s-2022	253	268.8125	6.956135664	0.871369318	43.90874154
DT04-PM08-RH-16s-2021	313	328	7.807349717	0.941777077	33.13691546
DT04-PM08-S-16s-2022	228	244.2352941	6.638607075	0.847529719	40.70842486
DT04-PM09-RH-16s-2021	148	149.6666667	6.319885926	0.876610973	28.19595105
DT04-PM09-S-16s-2022	149	152.6	6.252656311	0.866118625	27.76548526
DT04-PM10-RH-16s-2021	143	144.75	5.959172965	0.832301683	28.70215443
DT04-PM10-S-16s-2022	172	175.2142857	6.086592976	0.819603553	35.00292769
DT06-PM01-S-16s-2022	193	195	6.556289372	0.8635267	35.16360454
NT01-PM01-RH-16s-2021	175	176.6666667	6.638947351	0.890989029	28.81066155
NT01-PM04-RH-16s-2021	130	139	6.115965654	0.870926419	23.90158589
NT01-PM05-RH-16s-2021	115	115.1666667	5.873283208	0.857978489	23.41706208
NT01-PM06-RH-16s-2021	160	164.125	6.309952503	0.861788373	28.35218508
NT01-PM07-RH-16s-2021	191	192.1666667	6.713683793	0.886010802	33.11499323
NT01-PM08-RH-16s-2021	125	125.5454545	5.727517703	0.82223587	25.9771601
NT01-PM09-RH-16s-2021	202	204.25	6.70231829	0.875180622	34.07789601
NT01-PM10-RH-16s-2021	460	462.25	8.48976837	0.959784966	34.330195
NT02-PM03-RH-16s-2021	175	177	6.994186379	0.938664369	18.39849921
NT02-PM04-RH-16s-2021	95	95	5.846464142	0.889892334	19.36146215
NT02-PM05-RH-16s-2021	138	139.5	6.051267506	0.851269141	26.08396108
NT02-PM06-RH-16s-2021	109	110.6666667	5.898349363	0.871481786	22.03317353
NT02-PM07-RH-16s-2021	157	157.9090909	6.284430688	0.861515753	29.50392362
NT02-PM08-RH-16s-2021	117	117.6666667	6.045189154	0.879893485	19.89481045
NT02-PM09-RH-16s-2021	190	194.2307692	6.583309238	0.869674348	33.60860334
NT03-PM01-RH-16s-2021	188	189.25	6.892315259	0.912334926	23.79476336
NT03-PM02-RH-16s-2021	167	194.5	6.775167319	0.917583783	22.43299016
NT03-PM03-RH-16s-2021	213	213.375	7.167961765	0.92672668	27.23445412
NT03-PM04-RH-16s-2021	254	264.9285714	7.281907145	0.911527671	31.47856918
NT03-PM05-RH-16s-2021	101	103.5	5.643394175	0.847584098	21.95397203
NT03-PM06-RH-16s-2021	123	123.125	5.906785715	0.850813594	25.84093957
NT03-PM07-RH-16s-2021	236	237.9090909	7.312769379	0.927705255	29.93927561
NT03-PM08-RH-16s-2021	179	182	7.143452975	0.954520152	20.72500339
NT03-PM09-RH-16s-2021	141	143.5	6.201849104	0.8686609	24.22431993
NT03-PM10-RH-16s-2021	173	184	6.518403238	0.876762501	28.63011933
NT04-PM01-RH-16s-2021	140	145.25	6.133479969	0.860322133	17.98259923
NT04-PM02-RH-16s-2021	101	101	5.857627442	0.879759896	17.35999111
NT04-PM03-RH-16s-2021	83	83	5.347954144	0.838889579	15.64878186
NT04-PM04-RH-16s-2021	108	109	6.160031455	0.911936942	14.45040561
NT04-PM05-RH-16s-2021	160	162.1428571	6.594151274	0.900603118	21.21157639
NT04-PM06-RH-16s-2021	189	189.2307692	6.255270996	0.827171445	18.32228808
NT04-PM07-RH-16s-2021	244	247.5	7.433353731	0.937284065	25.91416337
NT04-PM08-RH-16s-2021	169	170.25	6.66710091	0.900852523	27.17830352
NT04-PM09-RH-16s-2021	157	158	6.571544342	0.900875394	23.93750025
NT04-PM10-RH-16s-2021	187	190	7.000904998	0.927653757	24.6618283
