sampleid	observed_features	shannon_entropy	pielou_evenness
DT01-PM01-S-ITS-2021	196	6.748775497	0.886281373
DT01-PM01-S-ITS-2022	135	5.201269392	0.734973142
DT01-PM02-S-ITS-2021	135	5.250505004	0.741930453
DT01-PM02-S-ITS-2022	162	5.508027588	0.750427813
DT01-PM03-RH-ITS-2022	137	6.41638664	0.903966982
DT01-PM03-S-ITS-2021	307	7.200153767	0.871468302
DT01-PM03-S-ITS-2022	190	6.21177636	0.820593771
DT01-PM04-RH-ITS-2022	151	6.531416944	0.902328231
DT01-PM04-S-ITS-2021	188	5.982776424	0.791939382
DT01-PM04-S-ITS-2022	127	5.914526127	0.846300326
DT01-PM05-RH-ITS-2022	188	5.598502656	0.74107311
DT01-PM05-S-ITS-2021	141	5.74779792	0.805064301
DT01-PM06-RH-ITS-2022	146	6.288826052	0.874684215
DT01-PM06-S-ITS-2021	238	6.486964448	0.821673741
DT01-PM06-S-ITS-2022	101	5.836313811	0.876558791
DT01-PM07-RH-ITS-2022	231	6.587725967	0.839013821
DT01-PM07-S-ITS-2021	97	5.480464173	0.830384325
DT01-PM07-S-ITS-2022	129	6.130056029	0.874319974
DT01-PM08-S-ITS-2021	100	5.629966699	0.847394426
DT01-PM08-S-ITS-2022	89	5.672566095	0.875972761
DT01-PM09-S-ITS-2021	162	5.781546743	0.787692765
DT01-PM09-S-ITS-2022	137	5.855008664	0.82487774
DT02-PM01-S-ITS-2021	91	5.681250048	0.872991599
DT02-PM02-S-ITS-2021	77	5.041128322	0.804419983
DT02-PM02-S-ITS-2022	107	5.489505434	0.814289448
DT02-PM03-S-ITS-2021	111	5.326255348	0.783916595
DT02-PM03-S-ITS-2022	41	3.260911267	0.608656951
DT02-PM04-S-ITS-2021	55	4.10568528	0.710159112
DT02-PM04-S-ITS-2022	86	4.334930036	0.674564495
DT02-PM05-S-ITS-2021	105	5.942041412	0.884990189
DT02-PM05-S-ITS-2022	197	5.813244289	0.762687584
DT02-PM06-S-ITS-2022	106	5.853376962	0.870012807
DT02-PM08-S-ITS-2022	136	5.757998204	0.812420232
DT02-PM09-S-ITS-2022	85	5.462720881	0.85229953
DT02-PM10-S-ITS-2022	84	3.672757447	0.574558052
DT03-PM01-S-ITS-2022	102	5.96579754	0.894097309
DT03-PM02-S-ITS-2022	130	6.56549997	0.934941055
DT03-PM03-S-ITS-2022	96	5.250363933	0.797326322
DT03-PM04-S-ITS-2022	162	6.438388605	0.877182586
DT03-PM07-S-ITS-2022	131	5.595032389	0.795492094
DT03-PM08-S-ITS-2022	66	5.124490813	0.847808848
DT03-PM09-S-ITS-2022	83	5.097314207	0.799573754
DT04-PM01-RH-ITS-2021	164	5.663913903	0.769809564
DT04-PM02-RH-ITS-2021	229	7.007153425	0.893860348
DT04-PM03-S-ITS-2021	121	6.014774792	0.869329915
DT04-PM04-RH-ITS-2021	116	6.244453761	0.910538213
DT04-PM04-S-ITS-2021	79	5.257738203	0.834061084
DT04-PM04-S-ITS-2022	157	6.371400982	0.873438278
DT04-PM05-RH-ITS-2021	158	6.517419119	0.89233499
DT04-PM05-S-ITS-2021	93	5.689133786	0.870010035
DT04-PM05-S-ITS-2022	251	6.282460764	0.78811095
DT04-PM06-RH-ITS-2021	166	6.259208228	0.848701663
DT04-PM06-S-ITS-2021	87	5.406655717	0.839159263
DT04-PM06-S-ITS-2022	137	6.174706464	0.869918083
DT04-PM07-RH-ITS-2021	187	6.352437869	0.841728727
DT04-PM07-S-ITS-2021	117	5.847458953	0.851113324
DT04-PM08-RH-ITS-2021	79	3.300460791	0.523568462
DT04-PM09-RH-ITS-2021	281	6.968004802	0.856606788
DT04-PM09-S-ITS-2021	134	6.231074724	0.881827919
DT04-PM09-S-ITS-2022	110	5.672800057	0.83652841
DT04-PM10-RH-ITS-2021	170	6.21239009	0.838448145
DT04-PM10-S-ITS-2021	114	5.322677771	0.778978991
DT01-PM01-RH-ITS-2021	134	6.044020693	0.855355845
DT01-PM02-RH-ITS-2021	120	6.055209873	0.876691152
DT01-PM03-RH-ITS-2021	113	6.054691964	0.88776145
DT01-PM04-RH-ITS-2021	100	5.908825452	0.88936685
DT01-PM05-RH-ITS-2021	69	5.216725745	0.854007507
DT01-PM06-RH-ITS-2021	167	5.851446003	0.792481087
DT01-PM07-RH-ITS-2021	84	5.070469779	0.793213078
DT01-PM08-RH-ITS-2021	278	6.802857725	0.83789963
DT01-PM09-RH-ITS-2021	199	6.772452003	0.886838406
DT01-PM10-RH-ITS-2021	117	6.016660426	0.875741052
DT02-PM01-RH-ITS-2021	92	5.703706644	0.874323979
DT02-PM01-RH-ITS-2022	120	5.844103704	0.846126578
DT02-PM02-RH-ITS-2021	122	5.720212343	0.825339652
DT02-PM02-RH-ITS-2022	135	5.960976829	0.842324736
DT02-PM03-RH-ITS-2021	123	5.894772909	0.849083269
DT02-PM04-RH-ITS-2021	136	5.622272401	0.793270106
DT02-PM04-RH-ITS-2022	117	6.032334892	0.878022512
DT02-PM05-RH-ITS-2021	114	6.081630935	0.890052514
DT02-PM06-RH-ITS-2021	89	5.048379471	0.779584201
DT02-PM06-RH-ITS-2022	144	6.401614374	0.892842585
DT02-PM07-RH-ITS-2021	159	6.476268367	0.885597159
DT02-PM07-RH-ITS-2022	169	6.213987435	0.839628248
DT02-PM08-RH-ITS-2021	82	2.965987489	0.466529804
DT02-PM09-RH-ITS-2021	96	5.210308891	0.791243517
DT02-PM10-RH-ITS-2021	98	3.489750897	0.527574297
DT02-PM10-RH-ITS-2022	93	5.621056525	0.859599329
DT02-PM14-RH-ITS-2022	108	5.711380086	0.845518165
DT03-PM02-RH-ITS-2021	172	6.414287174	0.863729935
DT03-PM02-RH-ITS-2022	144	6.417516816	0.895060522
DT03-PM03-RH-ITS-2021	210	6.757573856	0.875986361
DT03-PM06-RH-ITS-2022	81	5.744959282	0.906166436
DT03-PM07-RH-ITS-2022	109	5.842944885	0.863295768
DT03-PM08-RH-ITS-2022	133	6.235166075	0.883758536
DT03-PM09-RH-ITS-2022	152	6.340693998	0.874828561
DT03-PM10-RH-ITS-2022	95	5.031473862	0.765842381
NT01-PM01-RH-ITS-2021	114	5.783945893	0.846486023
NT01-PM01-S-ITS-2022	177	6.359659348	0.851633004
NT01-PM02-S-ITS-2022	152	5.572934406	0.768900406
NT01-PM03-S-ITS-2022	153	6.278772012	0.865155914
NT01-PM04-RH-ITS-2021	99	5.331295696	0.804195038
NT01-PM04-S-ITS-2022	122	5.708826741	0.823696883
NT01-PM05-S-ITS-2022	171	6.524890851	0.879619922
NT01-PM06-S-ITS-2022	136	6.115108937	0.86280649
NT01-PM07-S-ITS-2022	117	5.630086673	0.819474206
NT01-PM09-RH-ITS-2021	351	7.187064552	0.850004307
NT01-PM09-S-ITS-2022	148	5.915861213	0.820570009
NT01-PM10-RH-ITS-2021	107	6.107947388	0.906026448
NT01-PM10-S-ITS-2022	173	6.637437003	0.892773223
NT02-PM01-S-ITS-2021	82	4.795408097	0.754285312
NT02-PM01-S-ITS-2022	152	6.573417029	0.906937468
NT02-PM02-S-ITS-2021	69	4.736146708	0.775334001
NT02-PM02-S-ITS-2022	132	6.41170575	0.910185552
NT02-PM03-RH-ITS-2021	73	4.435746698	0.716619131
NT02-PM03-S-ITS-2021	102	5.000397163	0.749412231
NT02-PM03-S-ITS-2022	108	5.54528421	0.820929173
NT02-PM04-S-ITS-2022	142	6.425921005	0.898761998
NT02-PM05-RH-ITS-2021	76	5.229212331	0.836951504
NT02-PM05-S-ITS-2021	184	5.573535245	0.740810706
NT02-PM05-S-ITS-2022	115	5.70191814	0.832945209
NT02-PM06-S-ITS-2021	183	5.540901104	0.737243533
NT02-PM06-S-ITS-2022	212	6.32551339	0.818527239
NT02-PM07-S-ITS-2022	173	5.899494279	0.793515708
NT02-PM08-RH-ITS-2021	88	5.621708623	0.870310107
NT02-PM08-S-ITS-2022	145	6.541160747	0.911036709
NT02-PM09-S-ITS-2022	109	6.121147019	0.904400165
NT02-PM10-RH-ITS-2021	92	5.655084398	0.866870651
NT02-PM10-S-ITS-2022	206	7.019384889	0.913209446
NT03-PM01-RH-ITS-2021	116	6.055152151	0.882935102
NT03-PM01-S-ITS-2022	228	7.070384571	0.90265337
NT03-PM02-RH-ITS-2021	95	5.733357565	0.872676343
NT03-PM02-S-ITS-2022	101	5.949940649	0.893624461
NT03-PM03-RH-ITS-2021	136	6.138289594	0.866077147
NT03-PM03-S-ITS-2022	178	6.161011454	0.824134717
NT03-PM04-S-ITS-2022	119	5.442997825	0.789433167
NT03-PM05-RH-ITS-2021	74	4.968845094	0.800206524
NT03-PM05-S-ITS-2022	100	6.250107944	0.940734984
NT03-PM06-RH-ITS-2021	199	5.741538169	0.751842398
NT03-PM06-S-ITS-2022	120	6.449709185	0.933807926
NT03-PM07-RH-ITS-2021	179	6.453616142	0.862342999
NT03-PM07-RH-ITS-2022	100	6.011791057	0.904864718
NT03-PM07-S-ITS-2022	198	6.911483159	0.905906422
NT03-PM08-RH-ITS-2021	191	4.992144031	0.658817673
NT03-PM08-RH-ITS-2022	91	5.697455374	0.87548174
NT03-PM09-RH-ITS-2021	118	5.387513512	0.782768113
NT03-PM09-RH-ITS-2022	125	6.14822214	0.882631716
NT03-PM09-S-ITS-2022	91	5.85411622	0.899554541
NT03-PM10-RH-ITS-2021	128	6.010500756	0.858642965
NT03-PM10-S-ITS-2022	81	5.101141353	0.804615464
NT03-PM14-RH-ITS-2022	98	5.896587658	0.891435573
NT04-PM01-RH-ITS-2021	154	6.098312798	0.839203514
NT04-PM01-RH-ITS-2022	114	6.069563852	0.888286485
NT04-PM01-S-ITS-2021	113	5.426145719	0.795601662
NT04-PM01-S-ITS-2022	119	6.263893727	0.908493008
NT04-PM02-RH-ITS-2021	186	6.61545587	0.87747931
NT04-PM02-S-ITS-2022	114	6.043356903	0.884451073
NT04-PM03-RH-ITS-2021	184	6.266088456	0.832861947
NT04-PM03-S-ITS-2021	97	5.73782062	0.869378241
NT04-PM03-S-ITS-2022	158	6.783810888	0.928808123
NT04-PM04-RH-ITS-2021	101	5.708028517	0.857291561
NT04-PM04-RH-ITS-2022	91	5.831076878	0.896014272
NT04-PM04-S-ITS-2021	157	6.015212028	0.824609289
NT04-PM04-S-ITS-2022	119	6.077299688	0.881430068
NT04-PM05-RH-ITS-2021	128	5.698309699	0.814044243
NT04-PM05-S-ITS-2021	153	5.621853742	0.774638736
NT04-PM05-S-ITS-2022	105	5.769760045	0.859331109
NT04-PM06-RH-ITS-2021	181	6.345279528	0.846054655
NT04-PM06-RH-ITS-2022	98	5.825775675	0.880730344
NT04-PM06-S-ITS-2021	236	5.99832241	0.760953195
NT04-PM06-S-ITS-2022	151	6.187563728	0.854824226
NT04-PM07-RH-ITS-2021	101	5.533543289	0.83108554
NT04-PM07-S-ITS-2021	132	5.722180383	0.812302703
NT04-PM07-S-ITS-2022	113	6.047352207	0.886685267
NT04-PM08-RH-ITS-2021	103	5.598129407	0.83722859
NT04-PM08-S-ITS-2021	181	6.179815265	0.8239923
NT04-PM09-RH-ITS-2021	186	6.56723046	0.871082653
NT04-PM09-S-ITS-2021	80	5.545610988	0.877202478
NT04-PM10-RH-ITS-2021	156	6.189348195	0.849554768
NT04-PM10-RH-ITS-2022	129	6.220509114	0.887221151
NT04-PM10-S-ITS-2022	151	6.318228477	0.872875821
NT04-PM15-RH-ITS-2022	265	6.952282415	0.863653816
NT05-PM01-S-ITS-2022	213	6.879766445	0.889466675
NT05-PM02-S-ITS-2022	137	6.177218024	0.870271922
NT05-PM03-RH-ITS-2022	267	7.01202185	0.869902786
NT05-PM03-S-ITS-2022	125	6.298546242	0.904212072
NT05-PM04-RH-ITS-2022	223	6.997041482	0.896953117
NT05-PM04-S-ITS-2022	153	6.728732323	0.927156226
NT05-PM05-RH-ITS-2022	115	6.024272352	0.880035221
NT05-PM05-S-ITS-2022	124	6.007709438	0.863897016
NT05-PM06-RH-ITS-2022	138	5.301793556	0.745836015
NT05-PM09-S-ITS-2022	123	6.319778116	0.910301032
NT05-PM10-S-ITS-2022	124	6.32064839	0.908897033
NT01-PM01-RH-ITS-2022	80	5.474998617	0.866033042
NT01-PM03-RH-ITS-2022	145	5.406963169	0.753068472
NT01-PM04-RH-ITS-2022	175	6.345973898	0.851670125
NT01-PM05-RH-ITS-2022	125	5.86417766	0.841854617
NT01-PM06-RH-ITS-2022	159	6.210065934	0.849195313
NT01-PM07-RH-ITS-2022	208	6.484369672	0.842077843
NT01-PM08-RH-ITS-2022	213	6.511177998	0.841812856
NT01-PM09-RH-ITS-2022	233	6.190649214	0.787195153
NT01-PM10-RH-ITS-2022	203	6.462007394	0.843016857
NT02-PM01-RH-ITS-2022	215	6.330634471	0.81704658
NT02-PM03-RH-ITS-2022	240	6.746111638	0.853194003
NT02-PM04-RH-ITS-2022	228	6.969982572	0.889835368
NT02-PM07-RH-ITS-2022	147	6.319012664	0.877680589
NT02-PM09-RH-ITS-2022	175	6.420436502	0.861663481
NT02-PM10-RH-ITS-2022	95	5.520361381	0.84025612
NT02-PM11-RH-ITS-2022	99	5.880704513	0.887070171
NT02-PM14-RH-ITS-2022	198	6.348796584	0.832153601
NT03-PM01-RH-ITS-2022	199	6.53791117	0.856125775
NT03-PM03-RH-ITS-2022	74	5.459079196	0.879156163
NT03-PM04-RH-ITS-2022	157	6.413073538	0.879151057
NT03-PM06-RH-ITS-2022	213	5.901081271	0.762935076
DT01-PM01-R-ITS-2021	89	5.491588797	0.848025765
DT01-PM02-R-ITS-2021	47	4.842119229	0.871733149
DT01-PM04-R-ITS-2022	48	5.238315791	0.937932133
DT01-PM05-R-ITS-2021	50	5.236964614	0.927905396
DT01-PM06-R-ITS-2021	35	4.825391585	0.940753624
DT01-PM08-R-ITS-2021	91	5.646446946	0.867643689
DT01-PM08-R-ITS-2022	65	4.843964797	0.804328953
DT01-PM09-R-ITS-2022	36	4.729159015	0.91474422
DT01-PM10-R-ITS-2021	69	5.717540043	0.93599364
DT01-PM13-R-ITS-2022	40	4.849866174	0.911298704
DT01-PM14-R-ITS-2022	86	5.498142801	0.855573651
DT02-PM01-R-ITS-2021	56	5.042638053	0.868319247
DT02-PM02-R-ITS-2021	40	4.693951559	0.882002063
DT02-PM03-R-ITS-2021	52	4.956049477	0.869415295
DT02-PM04-R-ITS-2021	60	5.061285268	0.856844254
DT02-PM05-R-ITS-2021	83	4.409875139	0.691740841
DT02-PM06-R-ITS-2021	28	4.130711753	0.859248343
DT02-PM08-R-ITS-2021	45	4.883857579	0.889291373
DT02-PM09-R-ITS-2021	72	4.88468278	0.791692408
DT02-PM10-R-ITS-2021	46	4.955596572	0.897174072
DT03-PM01-R-ITS-2021	52	5.485165121	0.96223544
DT03-PM01-R-ITS-2022	75	5.595692441	0.898355325
DT03-PM03-R-ITS-2021	65	5.436749521	0.902759461
DT03-PM03-R-ITS-2022	37	4.622442041	0.887318057
DT03-PM04-R-ITS-2021	41	4.699185003	0.877114212
DT03-PM04-R-ITS-2022	55	4.860014882	0.84063527
DT03-PM05-R-ITS-2022	43	4.456033245	0.821197167
DT03-PM06-R-ITS-2021	62	5.49688355	0.92319488
DT03-PM07-R-ITS-2021	19	3.290953958	0.774719895
DT03-PM07-R-ITS-2022	94	5.096739242	0.777583363
DT03-PM08-R-ITS-2021	76	5.558981311	0.889732043
DT03-PM08-R-ITS-2022	61	4.418830622	0.745072724
DT03-PM10-R-ITS-2022	149	6.186897516	0.857009709
DT04-PM01-R-ITS-2022	66	5.160679214	0.853795949
DT04-PM02-R-ITS-2021	29	4.376069899	0.900800127
DT04-PM02-R-ITS-2022	68	4.772927117	0.784058522
DT04-PM03-R-ITS-2021	38	4.615905205	0.879567257
DT04-PM03-R-ITS-2022	25	3.73423785	0.804124352
DT04-PM04-R-ITS-2021	50	5.368670242	0.951241503
DT04-PM04-R-ITS-2022	39	4.758487161	0.900307482
DT04-PM05-R-ITS-2021	72	5.256371999	0.851934505
DT04-PM05-R-ITS-2022	42	4.955521642	0.918996649
DT04-PM06-R-ITS-2021	36	4.778766315	0.924339582
DT04-PM06-R-ITS-2022	26	4.036792646	0.858811705
DT04-PM07-R-ITS-2021	43	4.897019304	0.902465973
DT04-PM07-R-ITS-2022	40	4.845470045	0.910472663
DT04-PM08-R-ITS-2021	49	5.291668515	0.942465178
DT04-PM08-R-ITS-2022	77	5.60978812	0.895161832
DT04-PM09-R-ITS-2021	165	6.370121945	0.864762871
DT04-PM09-R-ITS-2022	45	4.72116463	0.859666955
DT04-PM10-R-ITS-2021	50	4.693985263	0.831698241
DT04-PM10-R-ITS-2022	35	3.851729003	0.750929319
DT04-PM11-R-ITS-2022	57	4.139909714	0.709752748
DT04-PM12-R-ITS-2022	21	3.609061932	0.821676028
NT01-PM01-R-ITS-2021	42	4.978213582	0.923204847
NT01-PM04-R-ITS-2021	52	5.10685044	0.895869563
NT01-PM04-R-ITS-2022	50	4.487402284	0.795095079
NT01-PM05-R-ITS-2021	38	4.791539161	0.913034555
NT01-PM07-R-ITS-2022	57	4.835457339	0.828998546
NT01-PM08-R-ITS-2022	33	4.164174929	0.825505468
NT01-PM09-R-ITS-2021	78	5.618252721	0.89385731
NT01-PM10-R-ITS-2022	39	4.533143108	0.857672306
NT02-PM02-R-ITS-2022	79	5.375943078	0.852812509
NT02-PM03-R-ITS-2021	43	4.987368821	0.919116381
NT02-PM03-R-ITS-2022	63	5.534774968	0.925968842
NT02-PM04-R-ITS-2021	24	3.987648957	0.869723353
NT02-PM04-R-ITS-2022	63	5.095839795	0.852534909
NT02-PM05-R-ITS-2021	326	6.811082991	0.815822825
NT02-PM05-R-ITS-2022	52	5.197744186	0.911814604
NT02-PM06-R-ITS-2022	81	5.761969906	0.908849563
NT02-PM07-R-ITS-2022	89	5.331438043	0.823294859
NT02-PM08-R-ITS-2022	70	5.40886051	0.882462189
NT02-PM09-R-ITS-2021	52	3.395470343	0.595650601
NT02-PM09-R-ITS-2022	59	5.372633561	0.913302663
NT02-PM10-R-ITS-2022	47	4.972986829	0.895293416
NT03-PM01-R-ITS-2021	37	4.915104772	0.943497221
NT03-PM01-R-ITS-2022	39	4.749171377	0.898544932
NT03-PM02-R-ITS-2021	67	5.653321716	0.931954928
NT03-PM03-R-ITS-2022	46	4.943971061	0.895069359
NT03-PM04-R-ITS-2022	31	4.30837088	0.869640727
NT03-PM05-R-ITS-2021	35	4.797481116	0.935312226
NT03-PM05-R-ITS-2022	45	4.494460376	0.818386854
NT03-PM06-R-ITS-2021	42	4.332455784	0.803449694
NT03-PM06-R-ITS-2022	37	4.705312426	0.90322575
NT03-PM07-R-ITS-2021	85	5.625052881	0.877626741
NT03-PM07-R-ITS-2022	41	4.401620629	0.821573104
NT03-PM08-R-ITS-2021	46	4.764357386	0.862551633
NT03-PM08-R-ITS-2022	59	4.583888223	0.779222568
NT03-PM09-R-ITS-2021	36	4.901885827	0.948154147
NT03-PM09-R-ITS-2022	65	5.325252714	0.884245679
NT03-PM10-R-ITS-2021	37	4.607505139	0.884450789
NT03-PM10-R-ITS-2022	62	5.080107563	0.853197862
NT04-PM01-R-ITS-2022	55	5.225199969	0.903801221
NT04-PM02-R-ITS-2022	45	4.653600862	0.847364411
NT04-PM03-R-ITS-2021	29	4.151610195	0.854595808
NT04-PM03-R-ITS-2022	83	5.28965512	0.829744691
NT04-PM04-R-ITS-2021	45	5.089531044	0.926742022
NT04-PM05-R-ITS-2021	33	4.567648653	0.905490044
NT04-PM05-R-ITS-2022	40	4.81411983	0.9045819
NT04-PM06-R-ITS-2021	53	5.373214827	0.938074275
NT04-PM06-R-ITS-2022	48	5.174558468	0.926516242
NT04-PM07-R-ITS-2021	46	5.2516368	0.950769964
NT04-PM07-R-ITS-2022	58	5.061948467	0.864111453
NT04-PM08-R-ITS-2021	49	5.34600623	0.952142921
NT04-PM08-R-ITS-2022	83	5.763003847	0.903995012
NT04-PM09-R-ITS-2021	39	5.053396785	0.956104489
NT04-PM09-R-ITS-2022	76	5.728469492	0.916859147
NT04-PM10-R-ITS-2022	45	4.893921312	0.891123857
NT05-PM01-R-ITS-2022	61	5.41699574	0.913376437
NT05-PM02-R-ITS-2022	56	5.329928641	0.917789374
NT05-PM03-R-ITS-2022	51	4.676555514	0.82443668
NT05-PM04-R-ITS-2022	64	5.383154548	0.897192425
NT05-PM06-R-ITS-2022	36	4.413413381	0.853670678
NT05-PM07-R-ITS-2022	41	4.959479949	0.925698891
NT05-PM08-R-ITS-2022	45	4.898878449	0.892026491
NT05-PM09-R-ITS-2022	44	4.969773597	0.910309707
NT05-PM10-R-ITS-2022	30	4.171400502	0.850110762
DT06-PM01-S-ITS-2022	81	5.223076645	0.823848615
DT06-PM03-S-ITS-2022	125	6.240732612	0.895912414
DT06-PM04-S-ITS-2022	76	5.530253365	0.885134047
DT06-PM07-S-ITS-2022	64	5.054325414	0.842387569
DT06-PM09-S-ITS-2022	55	4.488083816	0.776302468
DT06-PM10-S-ITS-2022	114	5.884225093	0.86116198
DT07-PM01-RH-ITS-2022	116	5.336450034	0.778137186
DT07-PM03-S-ITS-2022	94	5.369891723	0.819256836
DT07-PM04-S-ITS-2022	90	5.436565262	0.837444283
DT07-PM05-RH-ITS-2022	191	5.315080121	0.701435836
DT07-PM05-S-ITS-2022	82	5.629684871	0.885511415
DT07-PM06-RH-ITS-2022	155	5.861350114	0.805559359
DT07-PM06-S-ITS-2022	74	5.693512349	0.916910397
DT07-PM07-RH-ITS-2022	208	5.546001262	0.720218775
DT07-PM07-S-ITS-2022	74	5.208878141	0.838862591
DT07-PM08-RH-ITS-2022	72	5.285576195	0.856667819
DT07-PM08-S-ITS-2022	117	6.056116436	0.88148398
DT07-PM09-RH-ITS-2022	49	5.006154367	0.891614083
DT07-PM09-S-ITS-2022	119	6.117098687	0.887202374
DT07-PM10-RH-ITS-2022	210	6.210676633	0.805091907
DT07-PM10-S-ITS-2022	96	5.039860285	0.765358995
DT08-PM01-RH-ITS-2022	118	5.913569606	0.859200392
DT08-PM01-S-ITS-2022	138	5.979525384	0.841176734
DT08-PM02-RH-ITS-2022	281	6.899145984	0.848141677
DT08-PM03-S-ITS-2022	117	6.062441476	0.882404606
DT08-PM04-S-ITS-2022	123	6.148839126	0.885678974
DT08-PM05-S-ITS-2022	74	5.108743114	0.822736369
DT08-PM06-RH-ITS-2022	63	5.048613392	0.844633923
DT08-PM06-S-ITS-2022	93	5.927920887	0.906526521
DT08-PM07-S-ITS-2022	105	5.924856202	0.882430675
DT08-PM08-RH-ITS-2022	120	5.682256069	0.8226938
DT08-PM10-S-ITS-2022	90	5.774858747	0.889554748
DT09-PM08-S-ITS-2022	110	6.01711523	0.887302176
DT09-PM10-S-ITS-2022	44	3.382891973	0.619641789
DT10-PM01-RH-ITS-2022	151	5.771289534	0.797315119
DT10-PM01-S-ITS-2022	101	5.760196312	0.865126668
DT10-PM02-S-ITS-2022	135	4.828345016	0.682276506
DT10-PM03-RH-ITS-2022	185	6.731113114	0.893742157
DT10-PM05-S-ITS-2022	180	6.668054979	0.890040807
DT10-PM06-RH-ITS-2022	65	4.091096843	0.679317001
DT10-PM06-S-ITS-2022	225	6.79336693	0.869408391
DT10-PM07-RH-ITS-2022	107	5.92928407	0.879524306
DT10-PM07-S-ITS-2022	117	6.122428115	0.891135823
DT10-PM09-RH-ITS-2022	107	5.937831977	0.880792265
DT10-PM10-S-ITS-2022	127	5.052421226	0.722943079
DT06-PM02-RH-ITS-2022	92	5.4758758	0.839399677
DT06-PM04-RH-ITS-2022	112	5.114100642	0.751261055
DT06-PM06-RH-ITS-2022	91	4.58695621	0.704840344
DT06-PM10-RH-ITS-2022	114	5.91767467	0.866057357
DT06-PM11-RH-ITS-2022	101	5.36788125	0.806204679
DT06-PM12-RH-ITS-2022	70	4.909666253	0.801018037
DT06-PM13-RH-ITS-2022	64	5.077590625	0.846265104
DT06-PM14-RH-ITS-2022	113	5.513279993	0.808377613
DT06-PM15-RH-ITS-2022	90	5.098005734	0.785292837
DT09-PM01-RH-ITS-2022	209	6.671773093	0.865636722
DT09-PM02-RH-ITS-2022	137	6.374138064	0.898014829
DT09-PM03-RH-ITS-2022	179	5.485986487	0.733046704
DT09-PM05-RH-ITS-2022	120	6.228601429	0.901795293
DT09-PM06-RH-ITS-2022	161	5.883001582	0.802491923
DT09-PM07-RH-ITS-2022	148	5.988871928	0.830697089
DT09-PM08-RH-ITS-2022	255	6.146188661	0.768816229
DT09-PM09-RH-ITS-2022	213	6.237450023	0.806423296
DT09-PM10-RH-ITS-2022	220	6.677340431	0.858120004
NT06-PM02-S-ITS-2022	62	4.818893911	0.809327348
NT06-PM03-RH-ITS-2022	150	6.523511596	0.90243121
NT06-PM04-RH-ITS-2022	104	6.083871213	0.907980889
NT06-PM04-S-ITS-2022	92	5.791908086	0.887844421
NT06-PM05-RH-ITS-2022	82	5.44729639	0.856822938
NT06-PM05-S-ITS-2022	80	5.319152788	0.841381412
NT06-PM06-RH-ITS-2022	154	6.434336638	0.885444564
NT06-PM09-RH-ITS-2022	179	6.129124936	0.818983941
NT06-PM09-S-ITS-2022	78	5.706454137	0.90789005
NT06-PM10-RH-ITS-2022	96	5.858798404	0.889723883
NT07-PM01-RH-ITS-2022	117	5.506283016	0.801454252
NT07-PM01-S-ITS-2022	71	4.314124231	0.70151246
NT07-PM02-RH-ITS-2022	108	5.260173164	0.778721061
NT07-PM02-S-ITS-2022	54	4.693450932	0.81555911
NT07-PM03-RH-ITS-2022	129	5.329325703	0.760113103
NT07-PM04-RH-ITS-2022	99	5.862272927	0.884289874
NT07-PM05-RH-ITS-2022	96	5.874956656	0.892177694
NT07-PM06-RH-ITS-2022	73	5.771763731	0.932459987
NT07-PM07-RH-ITS-2022	171	6.412313662	0.864443402
NT07-PM07-S-ITS-2022	103	4.924990881	0.736557316
NT07-PM08-RH-ITS-2022	103	6.147722582	0.919423031
NT07-PM08-S-ITS-2022	58	4.613953476	0.787635446
NT07-PM09-RH-ITS-2022	127	5.606227493	0.802186355
NT07-PM09-S-ITS-2022	66	4.256021392	0.704127049
NT07-PM10-RH-ITS-2022	152	6.365001654	0.8781823
NT07-PM10-S-ITS-2022	124	5.56407599	0.800103382
NT08-PM01-RH-ITS-2022	134	6.449752781	0.912775456
NT08-PM01-S-ITS-2022	115	5.759074225	0.84129466
NT08-PM02-RH-ITS-2022	114	5.916598757	0.865899897
NT08-PM02-S-ITS-2022	62	5.056640532	0.849256603
NT08-PM03-RH-ITS-2022	93	5.917253733	0.904895248
NT08-PM04-RH-ITS-2022	150	6.488336394	0.897565241
NT08-PM05-RH-ITS-2022	214	7.091348263	0.91602125
NT08-PM06-RH-ITS-2022	125	6.317794843	0.906975379
NT08-PM06-S-ITS-2022	59	4.736602136	0.805182653
NT08-PM07-RH-ITS-2022	119	6.150312424	0.892019577
NT08-PM07-S-ITS-2022	88	5.709832701	0.883952805
NT08-PM08-RH-ITS-2022	74	5.6119176	0.903769989
NT08-PM08-S-ITS-2022	89	5.464684185	0.843871083
NT08-PM09-RH-ITS-2022	79	5.829548323	0.924770159
NT08-PM09-S-ITS-2022	101	5.578768046	0.837877869
NT09-PM01-RH-ITS-2022	154	6.517457701	0.896883053
NT09-PM01-S-ITS-2022	69	4.120366623	0.674527319
NT09-PM02-RH-ITS-2022	180	6.782218667	0.905279185
NT09-PM03-RH-ITS-2022	198	6.939070412	0.909522357
NT09-PM03-S-ITS-2022	66	4.85512039	0.803243517
NT09-PM04-RH-ITS-2022	108	6.221674991	0.92106271
NT09-PM05-RH-ITS-2022	145	6.632520501	0.92376107
NT09-PM06-RH-ITS-2022	186	6.621537134	0.878285933
NT09-PM07-RH-ITS-2022	130	5.887896032	0.838448824
NT09-PM07-S-ITS-2022	89	4.76021462	0.735085017
NT09-PM08-RH-ITS-2022	130	6.344137725	0.903418604
NT09-PM08-S-ITS-2022	67	4.949022676	0.815850628
NT09-PM09-RH-ITS-2022	113	5.67622217	0.832268801
NT09-PM09-S-ITS-2022	90	4.57105674	0.704122024
NT09-PM10-RH-ITS-2022	132	5.871189763	0.833455605
NT09-PM10-S-ITS-2022	69	4.382096572	0.717373992
NT10-PM01-RH-ITS-2022	121	6.430943285	0.929479752
NT10-PM01-S-ITS-2022	139	6.359095373	0.893264224
NT10-PM02-RH-ITS-2022	104	6.042464104	0.901801129
NT10-PM03-S-ITS-2022	52	4.888453115	0.857557199
NT10-PM04-RH-ITS-2022	104	5.74422566	0.85729085
NT10-PM04-S-ITS-2022	50	5.034908775	0.892104371
NT10-PM05-RH-ITS-2022	153	5.857987127	0.807175702
NT10-PM06-RH-ITS-2022	160	5.884802027	0.803723002
NT10-PM06-S-ITS-2022	149	5.711639115	0.791176865
NT10-PM07-S-ITS-2022	149	5.797536051	0.803075317
NT10-PM08-S-ITS-2022	121	4.875795368	0.704710471
NT10-PM09-RH-ITS-2022	76	4.925229563	0.788298128
NT10-PM09-S-ITS-2022	80	5.591929217	0.884529076
NT10-PM10-S-ITS-2022	180	5.969692689	0.796824579
DT06-PM03-R-ITS-2022	32	4.637531381	0.927506276
DT06-PM04-R-ITS-2022	70	4.788430196	0.781238227
DT06-PM05-R-ITS-2022	21	3.222005059	0.733554693
DT06-PM07-R-ITS-2022	80	5.207216113	0.823675315
DT06-PM09-R-ITS-2022	83	5.525414958	0.866726397
DT06-PM10-R-ITS-2022	21	3.535138226	0.804845799
DT07-PM04-R-ITS-2022	40	4.554395379	0.855779202
DT07-PM06-R-ITS-2022	32	4.661592832	0.932318566
DT07-PM07-R-ITS-2022	32	4.441364828	0.888272966
DT07-PM08-R-ITS-2022	18	3.835996465	0.919919774
DT07-PM09-R-ITS-2022	28	3.919016736	0.81521269
DT07-PM10-R-ITS-2022	40	4.595495863	0.863502058
DT08-PM01-R-ITS-2022	44	5.036281225	0.922491859
DT08-PM02-R-ITS-2022	52	4.95630411	0.869459964
DT08-PM03-R-ITS-2022	33	4.301695444	0.852767516
DT08-PM04-R-ITS-2022	45	4.702436614	0.85625681
DT08-PM05-R-ITS-2022	30	4.498637085	0.916799957
DT08-PM06-R-ITS-2022	57	5.078987445	0.870749737
DT08-PM07-R-ITS-2022	48	4.930843149	0.88287847
DT08-PM08-R-ITS-2022	47	4.97066636	0.894875659
DT08-PM09-R-ITS-2022	61	5.331758679	0.899004352
DT08-PM10-R-ITS-2022	50	5.114869257	0.906272075
DT09-PM01-R-ITS-2022	69	5.479741137	0.897064614
DT09-PM02-R-ITS-2022	59	5.055595066	0.859408777
DT09-PM04-R-ITS-2022	80	5.85168308	0.925616836
DT09-PM05-R-ITS-2022	37	4.360370539	0.837011147
DT09-PM06-R-ITS-2022	44	4.460179354	0.816967711
DT09-PM07-R-ITS-2022	66	4.808323006	0.795501238
DT09-PM08-R-ITS-2022	41	4.25122364	0.793501143
DT09-PM09-R-ITS-2022	53	3.895957756	0.680169668
DT10-PM01-R-ITS-2022	56	4.89452448	0.842814766
DT10-PM02-R-ITS-2022	24	4.112328843	0.896916571
DT10-PM06-R-ITS-2022	42	5.001846388	0.927587528
DT10-PM07-R-ITS-2022	33	4.245670199	0.841661079
DT10-PM08-R-ITS-2022	27	4.069399143	0.855834999
DT10-PM09-R-ITS-2022	48	4.728684827	0.846681572
DT10-PM10-R-ITS-2022	103	4.572411149	0.683827232
DT10-PM11-R-ITS-2022	131	5.479523132	0.779069186
NT06-PM01-R-ITS-2022	20	3.923401494	0.907789627
NT06-PM02-R-ITS-2022	37	4.905693953	0.941690732
NT06-PM03-R-ITS-2022	48	4.737092964	0.848187067
NT06-PM04-R-ITS-2022	59	5.209280744	0.885534053
NT06-PM05-R-ITS-2022	46	5.081956375	0.920050579
NT06-PM07-R-ITS-2022	75	4.904637863	0.7874106
NT06-PM09-R-ITS-2022	28	4.199226874	0.873500489
NT06-PM10-R-ITS-2022	37	4.512879344	0.866286542
NT07-PM03-R-ITS-2022	41	4.94879847	0.923705167
NT07-PM06-R-ITS-2022	47	4.924159519	0.886502971
NT07-PM07-R-ITS-2022	84	4.703552649	0.735813374
NT07-PM08-R-ITS-2022	48	4.83211813	0.865201535
NT07-PM10-R-ITS-2022	62	5.104181311	0.857241019
NT08-PM02-R-ITS-2022	79	5.03035893	0.797990782
NT08-PM06-R-ITS-2022	30	4.510753641	0.919269251
NT08-PM07-R-ITS-2022	37	4.918208399	0.944092989
NT09-PM02-R-ITS-2022	45	4.865907222	0.88602283
NT09-PM03-R-ITS-2022	31	4.243411314	0.856528698
NT09-PM08-R-ITS-2022	60	5.006539925	0.847576207
NT09-PM10-R-ITS-2022	58	4.949332879	0.844887152
NT10-PM01-R-ITS-2022	63	4.970937085	0.831638663
NT10-PM02-R-ITS-2022	59	5.266892791	0.895327618
NT10-PM03-R-ITS-2022	54	4.948937262	0.85995378
NT10-PM04-R-ITS-2022	54	5.49519473	0.954874396
NT10-PM05-R-ITS-2022	31	4.455637603	0.89936638
NT10-PM07-R-ITS-2022	94	5.967539173	0.910436842
NT10-PM08-R-ITS-2022	53	4.968112046	0.867350042
NT10-PM09-R-ITS-2022	48	5.234064074	0.937170854
NT10-PM10-R-ITS-2022	30	4.470891017	0.911145445
